 91            9 
            12            12            12            12            12            12            12            12            12            12            12            12            12            12            12            12            12            12            12            12
            12            12            12            12            12            12            12            12            12            12            12            12            12            12            12            12            12            12            12       -999.99
       -999.99       -999.99       -999.99       -999.99       -999.99       -999.99       -999.99       -999.99       -999.99       -999.99       -999.99       -999.99            10            10            10            10            10            10            10            10
            10            10            10            10            10            10            10            10            10            10            10            10            10            10            10            10            10            10            10            10
            10            10            10            10            10            10            10            10            10            10            10
            12      11.99997      11.99994      11.99991      11.99988      11.99984       11.9998      11.99975      11.99969      11.99961      11.99953      11.99943      11.99931      11.99917        11.999      11.99879      11.99855      11.99825       11.9979      11.99747
      11.99695      11.99633      11.99559      11.99469      11.99361       11.9923      11.99072      11.98881      11.98649      11.98366      11.98019      11.97588      11.97048      11.96354      11.95437       11.9416      11.92245      11.89018      11.82615      11.67081
      11.54759      11.43878      11.33705      11.23884      11.14217       11.0457      10.94837      10.84906      10.74631      10.63784      10.51949      10.38246      10.20499      10.13025      10.09224      10.06958      10.05444      10.04353      10.03527      10.02883
       10.0237      10.01955      10.01617       10.0134      10.01112      10.00923      10.00767      10.00637       10.0053       10.0044      10.00366      10.00305      10.00253      10.00211      10.00175      10.00145      10.00121        10.001      10.00083      10.00069
      10.00057      10.00047      10.00038      10.00031      10.00025       10.0002      10.00015      10.00011      10.00007      10.00003            10
            12      11.99994      11.99989      11.99983      11.99976      11.99969       11.9996       11.9995      11.99938      11.99924      11.99908      11.99888      11.99865      11.99837      11.99803      11.99763      11.99714      11.99656      11.99586      11.99502
      11.99401      11.99279      11.99132      11.98956      11.98743      11.98487      11.98177      11.97802      11.97348      11.96795      11.96118      11.95283      11.94242      11.92924      11.91216      11.88934      11.85757      11.81116      11.74074      11.63688
      11.53193      11.43067      11.33256      11.23637      11.14102      11.04562      10.94938      10.85149      10.75096      10.64652      10.53667      10.42056      10.30331      10.22245      10.16855      10.13136       10.1045      10.08433      10.06871      10.05635
      10.04642      10.03836      10.03176      10.02633      10.02186      10.01815      10.01509      10.01254      10.01043      10.00867      10.00721        10.006      10.00499      10.00415      10.00345      10.00286      10.00238      10.00198      10.00164      10.00136
      10.00112      10.00092      10.00075      10.00061      10.00049      10.00039       10.0003      10.00021      10.00014      10.00007            10
            12      11.99992      11.99984      11.99975      11.99965      11.99954      11.99942      11.99927       11.9991       11.9989      11.99866      11.99837      11.99803      11.99762      11.99713      11.99654      11.99584      11.99499      11.99397      11.99274
      11.99127      11.98949      11.98736      11.98478      11.98169      11.97796      11.97346      11.96802      11.96144      11.95345      11.94371      11.93178      11.91706       11.8987      11.87551      11.84573      11.80683      11.75534      11.68759      11.60295
      11.51161      11.41852      11.32531      11.23224      11.13909      11.04553      10.95117      10.85561      10.75849      10.65953      10.55894      10.45842      10.36365      10.28665      10.22748      10.18237      10.14761      10.12039      10.09876      10.08135
      10.06721      10.05565      10.04614      10.03829       10.0318      10.02643      10.02197      10.01826      10.01519      10.01263       10.0105      10.00874      10.00727      10.00604      10.00502      10.00417      10.00347      10.00288      10.00239      10.00198
      10.00163      10.00134       10.0011      10.00089      10.00072      10.00056      10.00043      10.00031       10.0002       10.0001            10
            12       11.9999      11.99979      11.99968      11.99955      11.99941      11.99925      11.99907      11.99885      11.99859      11.99829      11.99792      11.99748      11.99696      11.99633      11.99558      11.99468      11.99359      11.99228      11.99071
      11.98883      11.98656      11.98383      11.98054      11.97658      11.97182      11.96608      11.95915      11.95079      11.94067       11.9284      11.91347      11.89525      11.87288      11.84527      11.81099      11.76829      11.71528      11.65061      11.57494
      11.49225      11.40573      11.31718      11.22743      11.13683      11.04546      10.95334      10.86047      10.76696      10.67315      10.57999      10.48945      10.40528      10.33233      10.27186      10.22269      10.18293       10.1507      10.12447        10.103
      10.08537      10.07083      10.05882      10.04886      10.04061      10.03376      10.02807      10.02334      10.01941      10.01615      10.01343      10.01117      10.00929      10.00772      10.00642      10.00533      10.00443      10.00368      10.00305      10.00253
      10.00209      10.00172       10.0014      10.00114      10.00092      10.00072      10.00055       10.0004      10.00026      10.00013            10
            12      11.99988      11.99975      11.99962      11.99947      11.99931      11.99912       11.9989      11.99864      11.99833      11.99797      11.99754      11.99702       11.9964      11.99566      11.99477       11.9937      11.99241      11.99087      11.98901
      11.98677      11.98409      11.98085      11.97697      11.97229      11.96666      11.95988      11.95171      11.94188      11.93002       11.9157      11.89841       11.8775      11.85219      11.82153      11.78444      11.73976      11.68647       11.6241      11.55331
      11.47605       11.3943      11.30956       11.2228      11.13462      11.04541       10.9555      10.86519       10.7749       10.6853       10.5975      10.51324      10.43491      10.36496      10.30451      10.25333      10.21052      10.17489       10.1453      10.12076
      10.10038      10.08346       10.0694      10.05771        10.048      10.03992       10.0332      10.02762      10.02297       10.0191      10.01589      10.01321      10.01098      10.00913      10.00759      10.00631      10.00524      10.00435       10.0036      10.00298
      10.00246      10.00203      10.00166      10.00135      10.00108      10.00085      10.00065      10.00047      10.00031      10.00015            10
            12      11.99986      11.99972      11.99958      11.99941      11.99923      11.99901      11.99877      11.99848      11.99814      11.99773      11.99724      11.99667      11.99597      11.99514      11.99414      11.99294       11.9915      11.98977      11.98768
      11.98518      11.98217      11.97854      11.97418      11.96894      11.96264      11.95506      11.94594      11.93498       11.9218      11.90595      11.88692      11.86409      11.83674      11.80409       11.7653      11.71959      11.66639      11.60557      11.53764
      11.46375      11.38525      11.30333      11.21892      11.13275      11.04539      10.95734      10.86913      10.78138      10.69488      10.61074      10.53039       10.4555      10.38757      10.32747      10.27533      10.23071      10.19289      10.16102      10.13428
      10.11189      10.09319      10.07759      10.06458      10.05374      10.04471       10.0372      10.03094      10.02574       10.0214       10.0178       10.0148       10.0123      10.01023       10.0085      10.00706      10.00586      10.00487      10.00403      10.00334
      10.00276      10.00227      10.00185      10.00151      10.00121      10.00095      10.00073      10.00053      10.00034      10.00017            10
            12      11.99985       11.9997      11.99954      11.99937      11.99917      11.99894      11.99868      11.99837        11.998      11.99756      11.99704      11.99642      11.99568      11.99479      11.99371      11.99242      11.99088      11.98902      11.98678
      11.98409      11.98085      11.97696      11.97229      11.96666       11.9599      11.95177      11.94201      11.93029      11.91622      11.89936      11.87919      11.85513      11.82651      11.79266      11.75291      11.70669      11.65364      11.59376      11.52746
      11.45557      11.37907      11.29898      11.21617      11.13142      11.04537      10.95866      10.87193      10.78588       10.7014      10.61952      10.54148      10.46855      10.40185       10.3421      10.28952      10.24391      10.20479      10.17151      10.14337
      10.11968      10.09981      10.08317      10.06927      10.05767        10.048      10.03994      10.03322      10.02763      10.02298      10.01911      10.01589      10.01321      10.01098      10.00912      10.00758      10.00629      10.00522      10.00432      10.00358
      10.00295      10.00243      10.00199      10.00161      10.00129      10.00102      10.00078      10.00056      10.00037      10.00018            10
            12      11.99985      11.99969      11.99953      11.99934      11.99914       11.9989      11.99863      11.99831      11.99793      11.99748      11.99694       11.9963      11.99553      11.99461       11.9935      11.99217      11.99056      11.98864      11.98632
      11.98354      11.98019      11.97617      11.97133      11.96551      11.95852      11.95012      11.94003      11.92792      11.91341      11.89605      11.87532      11.85065      11.82143      11.78703      11.74685      11.70042      11.64748      11.58805      11.52251
      11.45154      11.37599      11.29678      11.21477      11.13073      11.04536      10.95933      10.87333      10.78814      10.70463      10.62382      10.54684      10.47482      10.40872      10.34917      10.29644      10.25041      10.21069      10.17675      10.14794
      10.12361      10.10316      10.08601      10.07166      10.05967      10.04967      10.04133      10.03439       10.0286      10.02378      10.01978      10.01644      10.01367      10.01136      10.00943      10.00783       10.0065      10.00539      10.00447      10.00369
      10.00305      10.00251      10.00205      10.00166      10.00133      10.00105       10.0008      10.00058      10.00037      10.00018            10
