 91            9 
            12            12            12            12            12            12            12            12            12            12            12            12            12            12            12            12            12            12            12            12
            12            12            12            12            12            12            12            12            12            12            12            12            12            12            12            12            12            12            12       -999.99
       -999.99       -999.99       -999.99       -999.99       -999.99       -999.99       -999.99       -999.99       -999.99       -999.99       -999.99       -999.99            10            10            10            10            10            10            10            10
            10            10            10            10            10            10            10            10            10            10            10            10            10            10            10            10            10            10            10            10
            10            10            10            10            10            10            10            10            10            10            10
            12      11.99906      11.99811      11.99714      11.99616      11.99515      11.99411      11.99302      11.99189       11.9907      11.98944       11.9881      11.98668      11.98516      11.98353      11.98178      11.97988      11.97783      11.97561      11.97318
      11.97054      11.96764      11.96445      11.96092      11.95701      11.95265      11.94776      11.94224      11.93594      11.92868      11.92021      11.91018      11.89806      11.88311      11.86411      11.83917      11.80515      11.75666      11.68413      11.56998
      11.46944      11.37751      11.29104      11.20788       11.1265      11.04564      10.96418      10.88095       10.7946      10.70335      10.60469      10.49475      10.36734      10.28489      10.22912       10.1897      10.16064      10.13842      10.12087      10.10663
      10.09481      10.08482      10.07625       10.0688      10.06225      10.05646      10.05129      10.04665      10.04247      10.03868      10.03523      10.03208       10.0292      10.02655       10.0241      10.02185      10.01975      10.01781      10.01599      10.01429
       10.0127      10.01119      10.00976       10.0084       10.0071      10.00585      10.00463      10.00345      10.00229      10.00114            10
            12      11.99814      11.99627      11.99438      11.99244      11.99046       11.9884      11.98627      11.98404      11.98169      11.97921      11.97659      11.97379      11.97081      11.96761      11.96417      11.96046      11.95645       11.9521      11.94737
      11.94222      11.93658       11.9304      11.92359      11.91608      11.90774      11.89845      11.88803      11.87629      11.86296       11.8477      11.83009      11.80954      11.78533      11.75648      11.72178      11.67971      11.62866      11.56738      11.49645
      11.42195      11.34649      11.27105      11.19587      11.12081      11.04559      10.96983      10.89318      10.81531      10.73607      10.65568      10.57521      10.49754      10.42957      10.37234      10.32474      10.28517      10.25208      10.22416      10.20037
       10.1799      10.16211      10.14653      10.13277      10.12055      10.10962      10.09979      10.09092      10.08288      10.07556      10.06888      10.06277      10.05715      10.05198      10.04721       10.0428       10.0387      10.03489      10.03134      10.02801
      10.02488      10.02193      10.01913      10.01647      10.01392      10.01147      10.00909      10.00677       10.0045      10.00224            10
            12       11.9973      11.99458      11.99181        11.989       11.9861      11.98312      11.98001      11.97676      11.97334      11.96974      11.96592      11.96186      11.95752      11.95288      11.94789      11.94252      11.93673      11.93045      11.92364
      11.91624      11.90817      11.89936      11.88971       11.8791      11.86742      11.85451       11.8402      11.82428      11.80648      11.78652      11.76403       11.7386      11.70973       11.6769      11.63952      11.59709      11.54925      11.49602        11.438
      11.37648      11.31256      11.24706      11.18052      11.11324      11.04541      10.97717      10.90865      10.84004      10.77169      10.70417       10.6384      10.57567      10.51751      10.46473       10.4175      10.37558      10.33849      10.30569      10.27662
       10.2508      10.22778      10.20718      10.18869      10.17201      10.15694      10.14326      10.13082      10.11947      10.10909      10.09958      10.09083      10.08278      10.07535      10.06848       10.0621      10.05618      10.05066       10.0455      10.04066
      10.03611      10.03182      10.02775      10.02388      10.02018      10.01661      10.01317      10.00981      10.00651      10.00325            10
            12      11.99655      11.99306      11.98954      11.98593      11.98224      11.97842      11.97445       11.9703      11.96594      11.96135      11.95648       11.9513      11.94578      11.93988      11.93354      11.92673      11.91938      11.91145      11.90286
      11.89355      11.88344      11.87244      11.86046      11.84737      11.83306      11.81738      11.80017      11.78125      11.76042      11.73744      11.71207      11.68404      11.65307       11.6189      11.58128      11.54006      11.49521      11.44684      11.39528
      11.34099      11.28451      11.22632      11.16683      11.10641      11.04536      10.98398      10.92255      10.86141      10.80094      10.74163      10.68404      10.62878      10.57646      10.52752      10.48217      10.44048      10.40233      10.36754      10.33585
      10.30702      10.28079      10.25689       10.2351       10.2152      10.19701      10.18036       10.1651      10.15108      10.13818      10.12631      10.11536      10.10524      10.09587      10.08719      10.07912      10.07161       10.0646      10.05805      10.05189
      10.04609      10.04062      10.03543      10.03048      10.02575      10.02119      10.01679       10.0125      10.00829      10.00414            10
            12      11.99591      11.99179      11.98762      11.98336      11.97898      11.97446      11.96977      11.96486      11.95972      11.95429      11.94855      11.94246      11.93596      11.92901      11.92157      11.91357      11.90497      11.89569      11.88567
      11.87484      11.86312      11.85041      11.83663      11.82166      11.80539       11.7877      11.76845       11.7475       11.7247      11.69988      11.67288      11.64353       11.6117      11.57725      11.54009       11.5002      11.45759      11.41239       11.3648
      11.31507      11.26352      11.21045      11.15619      11.10104      11.04531       10.9893      10.93331      10.87767      10.82271       10.7688      10.71631      10.66562      10.61706      10.57092      10.52737      10.48652      10.44839      10.41294      10.38006
      10.34963      10.32152      10.29556      10.27162      10.24952      10.22914      10.21032      10.19295      10.17691      10.16208      10.14836      10.13565      10.12387      10.11294      10.10279      10.09333      10.08451      10.07627      10.06855       10.0613
      10.05447        10.048      10.04187      10.03603      10.03043      10.02504      10.01983      10.01475      10.00978      10.00488            10
            12      11.99542      11.99081      11.98613      11.98135      11.97645      11.97138      11.96612      11.96063      11.95487       11.9488      11.94238      11.93557      11.92832      11.92057      11.91228      11.90339      11.89384      11.88355      11.87247
      11.86052      11.84762      11.83368       11.8186      11.80231      11.78469      11.76563      11.74503      11.72278      11.69876      11.67285      11.64496      11.61498      11.58285      11.54849      11.51189      11.47305      11.43204      11.38895      11.34393
      11.29716      11.24886      11.19926      11.14863       11.0972      11.04527      10.99308      10.94092      10.88908      10.83783      10.78747      10.73828      10.69052      10.64444      10.60024      10.55808      10.51807      10.48026      10.44467      10.41128
      10.38004      10.35087      10.32369       10.2984      10.27488      10.25304      10.23275      10.21393      10.19646      10.18025      10.16519      10.15121      10.13821      10.12612      10.11486      10.10435      10.09454      10.08536      10.07675      10.06866
      10.06102      10.05379      10.04693      10.04038      10.03411      10.02806      10.02222      10.01652      10.01095      10.00545            10
            12      11.99509      11.99014      11.98512      11.97999      11.97472      11.96928      11.96364      11.95774      11.95156      11.94506      11.93817      11.93087       11.9231      11.91481      11.90594      11.89644      11.88625      11.87529       11.8635
      11.85081      11.83713      11.82239       11.8065      11.78937      11.77091      11.75103      11.72963      11.70662      11.68191      11.65542      11.62708      11.59683      11.56462      11.53043      11.49427      11.45616      11.41616      11.37438      11.33092
      11.28596      11.23965      11.19221      11.14383      11.09476      11.04522      10.99546      10.94572      10.89625      10.84731      10.79912      10.75194      10.70597      10.66141      10.61844       10.5772       10.5378       10.5003      10.46476      10.43117
      10.39953       10.3698      10.34194      10.31586       10.2915      10.26877      10.24758      10.22785      10.20949       10.1924      10.17649      10.16169       10.1479      10.13506      10.12307      10.11189      10.10142      10.09162      10.08241      10.07375
      10.06557      10.05783      10.05046      10.04344       10.0367       10.0302      10.02391      10.01778      10.01178      10.00586            10
            12      11.99492      11.98981      11.98462      11.97932      11.97388      11.96825       11.9624       11.9563       11.9499      11.94316      11.93604      11.92848      11.92045      11.91188      11.90272      11.89291       11.8824       11.8711      11.85896
      11.84589      11.83183       11.8167      11.80041      11.78288      11.76401      11.74374      11.72196      11.69861       11.6736      11.64687      11.61835      11.58801      11.55581      11.52174      11.48582      11.44808      11.40859      11.36744      11.32474
      11.28064      11.23529      11.18887      11.14158      11.09363      11.04525      10.99664      10.94806      10.89972      10.85185      10.80469      10.75844      10.71331      10.66948       10.6271      10.58631      10.54721      10.50989       10.4744      10.44075
      10.40896        10.379      10.35083      10.32441      10.29967      10.27653      10.25492      10.23476      10.21596      10.19844      10.18212      10.16691      10.15274      10.13952      10.12719      10.11566      10.10488      10.09477      10.08528      10.07633
      10.06789      10.05989      10.05229      10.04503      10.03806      10.03134      10.02483      10.01847      10.01224       10.0061            10
